,block_id,block
hash,1A3AD48DFBB5E63A2C89BEF8848B2E690A02648D91FF591DC751A11A2E87DB1B,
parts,"{'total': 1, 'hash': '352864F75C8A12997483E1D32ABB0185E6ABDA374EADC7B36370A1F98F39927B'}",
header,,"{'version': {'block': '11'}, 'chain_id': 'cosmoshub-4', 'height': '5200797', 'time': '2021-02-18T12:27:37.487985519Z', 'last_block_id': {'hash': 'E23DE8EF67123936F21281DF8744EC1462BB16877F6AF880C9CA2489A357319B', 'parts': {'total': 1, 'hash': 'EBC3045759562BE344941AE761EB28460AFE864479FB0C8F9976049DA71569FA'}}, 'last_commit_hash': '3C9CD5B1F3C6E3FE6164D5334826D5DDD122A011C1AD19406AA610CDF28E46D2', 'data_hash': 'E3B0C44298FC1C149AFBF4C8996FB92427AE41E4649B934CA495991B7852B855', 'validators_hash': '7A1A82D85DAF2CE0C6B1C334BEC2F6D59DFD2F577AA336BAB2B14A64F16E9DC0', 'next_validators_hash': '7A1A82D85DAF2CE0C6B1C334BEC2F6D59DFD2F577AA336BAB2B14A64F16E9DC0', 'consensus_hash': '0F2908883A105C793B74495EB7D6DF2EEA479ED7FC9349206A65CB0F9987A0B8', 'app_hash': '84CBCF4CAA2FEA9A072A33AC29D7679DDB882A9EFB40556095D992342F56BCA8', 'last_results_hash': 'E3B0C44298FC1C149AFBF4C8996FB92427AE41E4649B934CA495991B7852B855', 'evidence_hash': 'E3B0C44298FC1C149AFBF4C8996FB92427AE41E4649B934CA495991B7852B855', 'proposer_address': 'ED509E78097E1306A91FEDE8E85B75D06BDDF6E3'}"
data,,{'txs': []}
evidence,,{'evidence': []}
last_commit,,"{'height': '5200796', 'round': 1, 'block_id': {'hash': 'E23DE8EF67123936F21281DF8744EC1462BB16877F6AF880C9CA2489A357319B', 'parts': {'total': 1, 'hash': 'EBC3045759562BE344941AE761EB28460AFE864479FB0C8F9976049DA71569FA'}}, 'signatures': [{'block_id_flag': 1, 'validator_address': '', 'timestamp': '0001-01-01T00:00:00Z', 'signature': None}, {'block_id_flag': 2, 'validator_address': '2199EAE894CA391FA82F01C2C614BFEB103D056C', 'timestamp': '2021-02-18T12:27:37.255874956Z', 'signature': 'nQVOx6H6QiRvw8ewLPhv5QtaAIu0Aou3mt96/JkkwK58YmD6PXeDlXJoly1BQbpt1MTDfPY8x6xczmzvz3RcAA=='}, {'block_id_flag': 2, 'validator_address': 'AC2D56057CD84765E6FBE318979093E8E44AA18F', 'timestamp': '2021-02-18T12:27:37.475958809Z', 'signature': 'Jq+DhyMQjzQ9mhSwEmdfbPGj1gUIcbnJse1+b7RkBueEnGEKssp4HP+HKe36RuLaJ7IwBmBnNITkrdhs6TwRCQ=='}, {'block_id_flag': 2, 'validator_address': 'F59734A896A7689436BC3422244FD862AE189C5C', 'timestamp': '2021-02-18T12:27:37.558480208Z', 'signature': 'q5C93VGJNzf6fyIB/U58jKpDTUxX/AVUyVqWFFUh7jeLbQQtVsQdTcqAMjfesP6K0yvkHcoWmue2j980bbQ4BA=='}, {'block_id_flag': 2, 'validator_address': '679B89785973BE94D4FDF8B66F84A929932E91C5', 'timestamp': '2021-02-18T12:27:37.3768912Z', 'signature': 'IKjrrxB3NPTzx8+5uW+HGUVdjlF4kltR0C5PVpL2itNGNLP9k6z8whYMAR1tSdpRh+US3vzS4fC/MpMVAMViAg=='}, {'block_id_flag': 1, 'validator_address': '', 'timestamp': '0001-01-01T00:00:00Z', 'signature': None}, {'block_id_flag': 2, 'validator_address': 'ED509E78097E1306A91FEDE8E85B75D06BDDF6E3', 'timestamp': '2021-02-18T12:27:37.528797542Z', 'signature': 'm18jdtV5CVyt2cSB9YQJxM26JYlh9NAcoGqwCIo5z/O0NHPRhhh4p8X1os9TdvX/MzLm/6RvP4v590l+xSzLAA=='}, {'block_id_flag': 2, 'validator_address': '31920F9BC3A39B66876CC7D6D5E589E10393BF0E', 'timestamp': '2021-02-18T12:27:37.480712151Z', 'signature': 'x0zUPZ58nVL44veW6iEka79AegCDLqe2qdFk88tuBha5AEXDYxphl9m5cYGXOr30WBF9jPazK4nQIrLDILCKAw=='}, {'block_id_flag': 2, 'validator_address': '099E2B09583331AFDE35E5FA96673D2CA7DEA316', 'timestamp': '2021-02-18T12:27:37.512854372Z', 'signature': 'G8SWEUkVbJF9ekGb7lT7qJWk7bpa98HvPDBknn54bz9nhS0/fZuERo95zuHrajbeajwKZLhf7zy28XZwzZepBQ=='}, {'block_id_flag': 2, 'validator_address': 'B00A6323737F321EB0B8D59C6FD497A14B60938A', 'timestamp': '2021-02-18T12:27:37.370153469Z', 'signature': 'nYiH9S3Vlvx1+KD3IenEIw8/e2/FIindSv/4Z8XdrcQCUe0uLGWKdpZc9edh2m0dRYPy3WtaDVv+dxC+eDrZAw=='}, {'block_id_flag': 2, 'validator_address': '51205659A717DFFB96E054F8BD1108730E17AEA7', 'timestamp': '2021-02-18T12:27:37.531812543Z', 'signature': 'fK8dbn44puQzWZrAWCf0uDYOtVOxIwVwlsO85G+nHsy+F8WXidih04EIp2+Sr7oSAtcjziEagt8jQZEcTMfoCA=='}, {'block_id_flag': 2, 'validator_address': 'DA6AAAA959C9EF88A3EB37B1F107CB2667EBBAAB', 'timestamp': '2021-02-18T12:27:37.555362752Z', 'signature': '+3n3vwrE9BkERjhfNHE096lghqG6K+/R7YXDZkNIEFawE9J0CrmHd6Z7PwboxZgT9pt4SanY4EW5SJKi8O2SBA=='}, {'block_id_flag': 1, 'validator_address': '', 'timestamp': '0001-01-01T00:00:00Z', 'signature': None}, {'block_id_flag': 2, 'validator_address': '33C99B2E79B887ADA2228E53FB6EA000AB983337', 'timestamp': '2021-02-18T12:27:37.64248301Z', 'signature': 'sZo+NlOmHr7+4m4yGTsKCY/NgggOZiefLhegauul7WJwy4SGpjNMmNe+Aa1wE5frn4E2KwA18FUdj6TA8u0XDQ=='}, {'block_id_flag': 2, 'validator_address': 'B1167D0437DB9DF0D533EE2ACDE48107139BDD2E', 'timestamp': '2021-02-18T12:27:37.447438029Z', 'signature': 'Zq+QFZoY0M0KKShIHV59+W/EzP9tJT+fVV8e4hSx2dnjhLfZeliV3/tB4EbLrUmJ7mIu8eKSh23YIpPP1y2hCw=='}, {'block_id_flag': 1, 'validator_address': '', 'timestamp': '0001-01-01T00:00:00Z', 'signature': None}, {'block_id_flag': 1, 'validator_address': '', 'timestamp': '0001-01-01T00:00:00Z', 'signature': None}, {'block_id_flag': 2, 'validator_address': 'D9F8A41B782AA6A66ADC81F953923C7DCE7B6001', 'timestamp': '2021-02-18T12:27:37.534056125Z', 'signature': 'rSzJSJe8xStkKBCsuX3ODSd5pBm8B4GkI7JXB9N/eQM1Wc896EN8j/yne/wgfKqfFbtS35FYJeZ7WMDm49tOBw=='}, {'block_id_flag': 1, 'validator_address': '', 'timestamp': '0001-01-01T00:00:00Z', 'signature': None}, {'block_id_flag': 1, 'validator_address': '', 'timestamp': '0001-01-01T00:00:00Z', 'signature': None}, {'block_id_flag': 2, 'validator_address': '671460930CCDC9B06C5D055E4D550EB8DAF2291E', 'timestamp': '2021-02-18T12:27:37.590154313Z', 'signature': 'cfZRh7I/C3DgivulsTvB2nVvlAF8PNylPiK0vt5GFjd39CJ5c6U/vBQr55M6WNcapBWEcq7he+ZMC2ORcDBFDg=='}, {'block_id_flag': 2, 'validator_address': 'E800740C68C81B30345C3AE2BA638FA56FF67EEF', 'timestamp': '2021-02-18T12:27:37.481637218Z', 'signature': '/YK0dKw6y0zeX8XNjAlnUSpD8pKjoDjpuE52r6GKA4qcPFwATKW8spPW+X29EaeKl+mf8ZSanomqsTjGUHRSDg=='}, {'block_id_flag': 2, 'validator_address': '1CED30733D1625C89AB698677606D0E37B3676A9', 'timestamp': '2021-02-18T12:27:37.381739142Z', 'signature': 'sedPY88f4cZqtGQp/zQDEA5rjkS60bgNJIj7Fj5d69r2gWEbGcZHwWkEd6d7ZgrbdRcHfpKzuqXHYDaYyaDvCA=='}, {'block_id_flag': 2, 'validator_address': '81965FE8A15FA8078C9202F32E4CFA72F85F2A22', 'timestamp': '2021-02-18T12:27:37.430559217Z', 'signature': '/iNKL4S4/jkC1piBYjmrmyN6d55UMYg3TG3OA11+Rt+NWacuPSPa57jFSsr00fBYWroqT18DDYMABmjGx0m/Cg=='}, {'block_id_flag': 1, 'validator_address': '', 'timestamp': '0001-01-01T00:00:00Z', 'signature': None}, {'block_id_flag': 1, 'validator_address': '', 'timestamp': '0001-01-01T00:00:00Z', 'signature': None}, {'block_id_flag': 2, 'validator_address': '75DAB316F4CA1367F532AB71A80B7FA65AB69039', 'timestamp': '2021-02-18T12:27:37.584141048Z', 'signature': 'wZ9FRS61De1cL0cLietRHygJ8u05ZJjRxvc6M/Bgn4jf697vbivlu0hXpCB2AGcnn5gaepWNWiRueL5T7s4XDw=='}, {'block_id_flag': 1, 'validator_address': '', 'timestamp': '0001-01-01T00:00:00Z', 'signature': None}, {'block_id_flag': 2, 'validator_address': 'D14A542E8756C3A942D9FD8873DC2E9A7798A17F', 'timestamp': '2021-02-18T12:27:37.533715951Z', 'signature': '1X6yIwFBFkRqTOtV7nCTVkQeRg90Ct2NO3aKD6+ftJ9cmXcsdIjJ/OjmWgMQ4P88k8MSQd8twLchKcl0/lwfBw=='}, {'block_id_flag': 2, 'validator_address': 'EE73A19751D58C5EC044C11E3FB7AE685A10D2C1', 'timestamp': '2021-02-18T12:27:37.428141596Z', 'signature': 'EGmmOiJckgpyHNSDFIcYdtFz7VtM4m4symnOsMTTsIwq3f1KdlEcr4pgiiVRtXfsLggpfdUYofrofKe+EY7BBA=='}, {'block_id_flag': 2, 'validator_address': 'BAC33F340F3497751F124868F049EC2E8930AC2F', 'timestamp': '2021-02-18T12:27:37.539456279Z', 'signature': 'uLOg84cXxiVdjLYkC3uRXbTbhS8zq+IaNo++/pWFvgz5rci8yLQUhMnXs3EL7XlfyV/SLqW4s4IRha67BSO/BA=='}, {'block_id_flag': 2, 'validator_address': 'FD5D54E0D9E4768FEA4C0DFFDC89FA96B6657F32', 'timestamp': '2021-02-18T12:27:37.495454433Z', 'signature': 't/l0n2GF8hi8mxa+ECKxg//W/EflpUB7M5WNQXWCAG6XW97bzpzTNkLgXc2hiJq+biF+IUV/v1RkfebLG7zCBw=='}, {'block_id_flag': 2, 'validator_address': '019B9CA2944D3CC36C7C73283EF3D58E56C8A5D4', 'timestamp': '2021-02-18T12:27:37.501918398Z', 'signature': 'Hgq2f/JsFV3T0kQ7r9I8tq0X8PxwyxhRSzN6AImgvcDxEKqNhJSsvXXh74c+sVvFdYryv2UricKeT9kEJRdMCw=='}, {'block_id_flag': 1, 'validator_address': '', 'timestamp': '0001-01-01T00:00:00Z', 'signature': None}, {'block_id_flag': 2, 'validator_address': '9DC4012099BE743189074B85E49891AE3B3FEE9B', 'timestamp': '2021-02-18T12:27:37.491269964Z', 'signature': 'u7pjQjIDim43Krm/i0fStX+0uoxd0z4CFPDgJwzVNpJhz0SJSpZBL5qH0wbjpqxbGWuooifWh9ZkPYAqwAnHBQ=='}, {'block_id_flag': 1, 'validator_address': '', 'timestamp': '0001-01-01T00:00:00Z', 'signature': None}, {'block_id_flag': 2, 'validator_address': 'B4E1085F1C9EBB0EA994452CB1B8124BA89BED1A', 'timestamp': '2021-02-18T12:27:37.358516111Z', 'signature': 'Uz8kfQdZ0t+FwpzrKWnkTJQr6xu/q6eDEvNwYLKErCoJ+jOSTAOI802t1Ym6QPwjLM4Ydsc83OBzJZU4AJhFCQ=='}, {'block_id_flag': 2, 'validator_address': 'C2356622B495725961B5B201A382DD57CD3305EC', 'timestamp': '2021-02-18T12:27:37.629060552Z', 'signature': 'fnXAwJltry/xYnvIMaRV6VOBHqQcrJQwL9s+dU4m7lejglZD3l8ASO7NWPVE9J0gpdwDjyNbfJRxDylWzJfYAw=='}, {'block_id_flag': 2, 'validator_address': '7B3A2EFE5B3FCDF819FCF52607314CEFE4754BB6', 'timestamp': '2021-02-18T12:27:37.680996769Z', 'signature': 'EWXOH1tyEJpSPBxLQ5mW7CoMpHMcYmBuk5slQc7gx8oC6UhHyxHKjJTrchsewlC3h8JU0XwljiR9AM4ZpfzdBg=='}, {'block_id_flag': 1, 'validator_address': '', 'timestamp': '0001-01-01T00:00:00Z', 'signature': None}, {'block_id_flag': 2, 'validator_address': '7B3D01F754DFF8474ED0E358812FD437E09389DC', 'timestamp': '2021-02-18T12:27:37.515315356Z', 'signature': 'SofxClmLyLGlJhOatGpjj1zPFITCIbr+vrb2c3CeuQ+rsSIw3diWeTGpBzy5YtGBVnBt9PWyVw2WS1+FO8FGBQ=='}, {'block_id_flag': 2, 'validator_address': '1AE0BD432F9A5122474A646325D1AFA6068692E9', 'timestamp': '2021-02-18T12:27:24.282862044Z', 'signature': 'Rj8pSQ2XxYXoHAz2u44Rh3ZQGA8CxGt9J7N75Ba+z0Yg5g21+IfcoxwDOj348ZudSDNg5cJnVQz5eLGL47NPAA=='}, {'block_id_flag': 1, 'validator_address': '', 'timestamp': '0001-01-01T00:00:00Z', 'signature': None}, {'block_id_flag': 2, 'validator_address': '4AF69D6A5436C30E3584C1628433DE55E758BCCA', 'timestamp': '2021-02-18T12:27:37.503804812Z', 'signature': 'KdIdeNJZTkkN8Hh6I5M8Qd8/n1cq4gnwha/pB/bd9XqSktwrCEVays7msdVtppltlQ+oZ71j2byTCkRDbo8qAQ=='}, {'block_id_flag': 2, 'validator_address': 'C52ACDB32057F5C731BBDD48460B93C3500DD324', 'timestamp': '2021-02-18T12:27:37.429567834Z', 'signature': 'M5PhdwxUaol77TxrRqPhZOmGmy2OBrRw/fAQ8J8bAiqJYVqYultDzaiPmk0DPf/Z+n573xYIv/RRlzJm9X0EBw=='}, {'block_id_flag': 2, 'validator_address': '6F322BAF5D73D5C77271941901B1D866476D5C90', 'timestamp': '2021-02-18T12:27:37.509887714Z', 'signature': 'DV2CRMhsjgbAV0UWUh/B8DslHrU/76/VZ0sOg4/qXs3nGr3vpLAA8wKMIc5PnFSYDeZHYSjgL0wgLuwff6mECQ=='}, {'block_id_flag': 1, 'validator_address': '', 'timestamp': '0001-01-01T00:00:00Z', 'signature': None}, {'block_id_flag': 2, 'validator_address': '51DB2566204EE266427EA8A6CB719835AB170BE9', 'timestamp': '2021-02-18T12:27:37.408725601Z', 'signature': 'MdKTZ4KuklmQI7AC118sJmr2Sch+x9N8asAYc0XyfGG+70WnCr1dgqOpB6s8+tSSJSd9r1H7pv2RumEDeHyvAw=='}, {'block_id_flag': 2, 'validator_address': '2C9CCC317FB283D54AC748838A64F29106039E51', 'timestamp': '2021-02-18T12:27:37.499585356Z', 'signature': 'J0QNnkjCyhIViuSZznKqFaIiGfjeSdPcDwW2q1UWzRKYKE4kojci/Bzk+TO6krNhcYX/bZWhVptFIJ36q9K5DQ=='}, {'block_id_flag': 2, 'validator_address': '8CE843E04C48B7864F8568FA39E90EA13FE6586F', 'timestamp': '2021-02-18T12:27:37.707365749Z', 'signature': 'Xs4SpNM3j1fZduFbPQ4KSxj9zgTiQH8OhXZ1GT0C8qoY+hMEWkGnpxTcYM87qivcTWPXJeGsp3zMnH2pGDJ1Dg=='}, {'block_id_flag': 1, 'validator_address': '', 'timestamp': '0001-01-01T00:00:00Z', 'signature': None}, {'block_id_flag': 1, 'validator_address': '', 'timestamp': '0001-01-01T00:00:00Z', 'signature': None}, {'block_id_flag': 2, 'validator_address': '3363E8F97B02ECC00289E72173D827543047ACDA', 'timestamp': '2021-02-18T12:27:37.513465489Z', 'signature': 'wzNT3mOXc+X9HJ9OpidTI3vYIuGesYb8h5/0/7gLuFffB42+yrh0YuH1af0jXdm9rW4eKJIWF4XOp0D5nZp6Dw=='}, {'block_id_flag': 2, 'validator_address': '2A5FECF26C3FB43426AC6B3DB58A5ABC5800F2A0', 'timestamp': '2021-02-18T12:27:37.431139465Z', 'signature': 'rpubISWDapCcIIxm+odLvASNNDGKcnMTtcYqFqH3zVk+fGMQFn5/3DUI8dY4nyChkxu7hpDwEBf6LHNyf1lMAA=='}, {'block_id_flag': 2, 'validator_address': '91C823A744DE50F91C17A46B624EDF8F7150A7DD', 'timestamp': '2021-02-18T12:27:37.599192976Z', 'signature': 'BwFx+iPJjuHg5jz6omN1Hm/oLLp8Qo8LTODSqKQVn0dYvB0ts4fwfjusNE2BhM7KZJr9BaDaik2DvfNcKvTYCQ=='}, {'block_id_flag': 2, 'validator_address': 'B4999CD535E4CD32B590BEB47020A724F40B65E5', 'timestamp': '2021-02-18T12:27:37.555894503Z', 'signature': 'fNCDIoy36rz4KbCL5IZv3w6+F3oliwAhri0f3tibulTedALrKGmC+zmUOHZJ5AvpDIoyKbuab8bcKigu+3j1DA=='}, {'block_id_flag': 2, 'validator_address': 'A4F1D5534F3FA905A4DA606E8A10834976511FF7', 'timestamp': '2021-02-18T12:27:37.448098442Z', 'signature': 'fvCPFb5H7tZxoLNsY97iTcSBBIy/rSps4Hn75JhIYSJZ3abClE1kohI3zhBTVJnvN5k0qjSVmaArqyjRps8bBQ=='}, {'block_id_flag': 1, 'validator_address': '', 'timestamp': '0001-01-01T00:00:00Z', 'signature': None}, {'block_id_flag': 2, 'validator_address': '9EE94DBB86F72337192BF291B0E767FD2729F00A', 'timestamp': '2021-02-18T12:27:37.471612265Z', 'signature': 'PUGLu6E3DGeK0fp16OChcHEJa5bgxg4EzAFmO5eo0DZnu9Ls0KEzKEU2iZohC3/77lvDrs+x44hza1W0K44vCw=='}, {'block_id_flag': 2, 'validator_address': 'D540AB022088612AC74B287D076DBFBC4A377A2E', 'timestamp': '2021-02-18T12:27:37.435302988Z', 'signature': 'D65D1lhkB5MuAx672pmnzddcyscYdd4OHVekO6RL4eUADiUxEeu28ajYPEt3Jkoa2+j2NPjhFk4sFeqsqtFDDg=='}, {'block_id_flag': 2, 'validator_address': 'EBED694E6CE1224FB1E8A2DD8EE63A38568B1E2B', 'timestamp': '2021-02-18T12:27:37.536909363Z', 'signature': 'fSLmW6Kwr+lW9zGjco5FWTeynzPeEZm0lQmdcVaY7WzbmQO6KiBzQ2sQTTACVFvCL5rXZgMtdiU+0bPDqU9RBQ=='}, {'block_id_flag': 1, 'validator_address': '', 'timestamp': '0001-01-01T00:00:00Z', 'signature': None}, {'block_id_flag': 2, 'validator_address': '4EB1282675F724B59026F2173C23F0DC9936F118', 'timestamp': '2021-02-18T12:27:37.410148826Z', 'signature': 'KAalX9V8HCdi1oOLFspjdwaZGG0SPXxOT4mwmn4YmzxUR1Z9JuaCafpKjRTG6m/idd17/B8Mmv4eMe7lNVH+Cg=='}, {'block_id_flag': 2, 'validator_address': 'B543A7DF48780AEFEF593A003CD060B593C4E6B5', 'timestamp': '2021-02-18T12:27:37.383184542Z', 'signature': 'Xzi/HnSdcYxXyFtdpvKMZZ0HzpNod7MyWHMNKtbdDYM99L+4PzmcGffcJsG1kVuOT3kAbuvC/SV6RYkua2lbDQ=='}, {'block_id_flag': 2, 'validator_address': '000AA5ABF590A815EBCBDAE070AFF50BE571EB8B', 'timestamp': '2021-02-18T12:27:37.558306613Z', 'signature': 'XIpE8i3+n6q8WcHXVEPHL9MekA9vtBBPMI/vD6VDkzAXsEhKTxnWFTWUxOJPRaQQmMpQscgh2dIwusf6Ek7hCQ=='}, {'block_id_flag': 1, 'validator_address': '', 'timestamp': '0001-01-01T00:00:00Z', 'signature': None}, {'block_id_flag': 2, 'validator_address': 'B0765A2F6FCC11D8AC46275FAC06DD35F54217C1', 'timestamp': '2021-02-18T12:27:37.662571404Z', 'signature': 'XVXQjpjdxv4J2abuXen+H6hkEDMpYXg1ltKPMDJrXzErmjb8MGxBTzp9D5dW4YETNlf/ZpmXOHiUccxHFlMoDg=='}, {'block_id_flag': 2, 'validator_address': '808D6B054A0B6D3FF5F5EAF0A65CFC64C543F833', 'timestamp': '2021-02-18T12:27:37.535193603Z', 'signature': 'yc/0XYHPjPxsrWYUUY3Y9NsNycoi4WomMi1cIr66SvqRCbqme073/XV5N1upTriwZxcNSIEVR8475R6tIr1wCQ=='}, {'block_id_flag': 2, 'validator_address': '24935D59FAA94E793652CBF4716C6041CD7AA400', 'timestamp': '2021-02-18T12:27:37.397014902Z', 'signature': 'g6xPJdgsVC7ZS/LmuWodhR+bc24AtxNwyX75nOF7/Vw0BKCMs/xMWnftVdFlQBlKa+faDX/Ymd+ZXqrC7SmoBQ=='}, {'block_id_flag': 2, 'validator_address': 'BF4CB4D59D19D451CF5E7BC49349DF4AA222D78B', 'timestamp': '2021-02-18T12:27:37.377011895Z', 'signature': 'u6TWaT+NgKZe342YS7ByzGmB74LwfBzG3bl48mqsJN3zQhYJUJILhP8K7RpTuIYP7B1uidm1/mOITcpQWTn9Dw=='}, {'block_id_flag': 2, 'validator_address': '5AB353B748D45F20DFCE19D73BA89F26E1C34CF7', 'timestamp': '2021-02-18T12:27:37.517891903Z', 'signature': '6aXO9u2JHUkCN5vijhbygTMOaQKNdY9FPZVsmHMpRfxOkvvCaVqHhPObZWu7tlbpTzdzSU0ZaO+XmO8kyXDVAg=='}, {'block_id_flag': 2, 'validator_address': '70C5B4E6779C59A24CFD9146581E27021C2AEC26', 'timestamp': '2021-02-18T12:27:37.50119564Z', 'signature': 'dulwq50c8zkc25Bcv7vTLxO0d5bruzeXgMQxzmi3SWxhxjvmI16vc4a+jYG8rzJEH9Pwt5sU1SVy2rFm6gcABA=='}, {'block_id_flag': 2, 'validator_address': 'C2DDD9700CF5DEC0457DC423829B31EA8FD4F9D4', 'timestamp': '2021-02-18T12:27:37.450972258Z', 'signature': '/MKWuszQZUeLeiTUuHjBf9tc0Jf3L71Q67dP8hAWWsYUIFjysu3kJuIpLv/Y/CLpb78PcbXt28BXxqoZngXSCw=='}, {'block_id_flag': 1, 'validator_address': '', 'timestamp': '0001-01-01T00:00:00Z', 'signature': None}, {'block_id_flag': 1, 'validator_address': '', 'timestamp': '0001-01-01T00:00:00Z', 'signature': None}, {'block_id_flag': 1, 'validator_address': '', 'timestamp': '0001-01-01T00:00:00Z', 'signature': None}, {'block_id_flag': 2, 'validator_address': '21223475CE86F3C7CD5E985AA88FC24A29C97813', 'timestamp': '2021-02-18T12:27:37.474775705Z', 'signature': 'oD0NMHKNUf/i4+zu9CygwsKl0WDmdxoCsdsaGSbJr5ADGnOpdc0YWEEgjzn6iW4GxuYJ2DQyvUcErJ/8rpDDDQ=='}, {'block_id_flag': 2, 'validator_address': '78F1D7A9773FC922739E0A3705A7CA06BEA30883', 'timestamp': '2021-02-18T12:27:37.444701601Z', 'signature': 'ULmcqzjNk1pxxai6l0J3FVNkKmYVfJPNNuC5Poh3Azp8auC5SI/7nTNIfZgmaaPD5GZtlqIp/Ns+xL/at9dnAQ=='}, {'block_id_flag': 2, 'validator_address': '818964B4FB36D28109C3E853778B33231B27C5FC', 'timestamp': '2021-02-18T12:27:37.523627971Z', 'signature': '+AO8cJ1Z2EZP7Dsq13QKC3sYWOh55yMOdFupcT9kxlvmVW0Prg+oho9DUgZD/Bb2i3kzm+iTpgoJWDxSNvqzAA=='}, {'block_id_flag': 1, 'validator_address': '', 'timestamp': '0001-01-01T00:00:00Z', 'signature': None}, {'block_id_flag': 2, 'validator_address': '68F5BBEACEF114C720EA9C98BFA2FFDE01C54FD1', 'timestamp': '2021-02-18T12:27:37.614451535Z', 'signature': 'MIWaB3SeJ+stIh3pxLoT827sDd3cra140xgerHjBEyizwvzMV53hRG0qSsKukuX+SVhrVB887Ofkn2gP94UZAA=='}, {'block_id_flag': 2, 'validator_address': '407F144D1C9DEA4EE6A8CBC2D4C022A657506B83', 'timestamp': '2021-02-18T12:27:37.498105093Z', 'signature': 'zILIRgCotNrnfsOQQ0zZzEGVQEAdI0cLYFvBuhRWldojJzpFcDiWQxghJyU93YNK5WnDa7dGY/V/QW7Pe/f3AQ=='}, {'block_id_flag': 2, 'validator_address': 'F80083B183C4019925C72B5F482F2246AC2D4394', 'timestamp': '2021-02-18T12:27:37.681085858Z', 'signature': '9sTIKkmj2nwjr/ZhqB7OlvH0V+Zk8qt0Aj2FrhQSMHWEHmCOSEsGGa35bXfSboJoO2iXQJGKdT0ZXEXi7iH0CA=='}, {'block_id_flag': 2, 'validator_address': 'B34591DA79AAD0213534E2E915F50DE5CDBDF250', 'timestamp': '2021-02-18T12:27:37.604672499Z', 'signature': 'NHHWAjN3VwB9QKDDhVOX3SoHZ5JLBpPAQfSxPdCUHSeV2CXJsjnKcmOk4cO/yT9mGmPGyiO7wD30YH20QtO4Bg=='}, {'block_id_flag': 2, 'validator_address': '25A9D452D35F12050ADEE6B31934BB85C2817D76', 'timestamp': '2021-02-18T12:27:37.377511476Z', 'signature': 'EuPQ6rxGvX+aQsXPAVk0Ayneald16Xmos0qzWunnej9cxExMvFG0rdSzrIYMg5qCH5vBsEO68++YSd2QGBnsBQ=='}, {'block_id_flag': 2, 'validator_address': '2B9A55D3BF93D7375DD207B75C5ED4D2B91D9146', 'timestamp': '2021-02-18T12:27:37.460887422Z', 'signature': '9K0welZnDNssYnOv3Xt+x6GEY4pYc4njCnFaWWQBhIp6a3/X7lt61DNhmBPeSf+SwSmNs10FIAq8A0LYWaT8DA=='}, {'block_id_flag': 2, 'validator_address': '48FD560D3CB0B552924CBC0F9C2BA68883FA1135', 'timestamp': '2021-02-18T12:27:37.380325208Z', 'signature': 'TRfhhmiZi8sshqWVWWHNKCCJ1de+Erhw4Pv9DXVK1lp00ULqCKskK4qZKKsrihIOPDxcyVCBNrAsuf1TxuHxBw=='}, {'block_id_flag': 2, 'validator_address': '8C8802A921114169D2581CD46E3CA6853F6F2A7F', 'timestamp': '2021-02-18T12:27:37.543384571Z', 'signature': 'KXqQhnm0GdYflB5l0T1mQ4U+vpUzFgHhjDuoxKBJyN/0db/1VOSaTCxwIeM23YOGD/OaqonWwtLfeJ0lO9nCAQ=='}, {'block_id_flag': 1, 'validator_address': '', 'timestamp': '0001-01-01T00:00:00Z', 'signature': None}, {'block_id_flag': 2, 'validator_address': '2C528D2345ED6E953C1C0819E2C3A01ABFCBA557', 'timestamp': '2021-02-18T12:27:24.282862044Z', 'signature': '7run9/DMc9pfaFESCzDS7TX2aJuZ+lS0anOdSE8zzarmHIpHP3D7ta8ov5DnxBBVDZRqYfjbqr/3plyWh81QBQ=='}, {'block_id_flag': 2, 'validator_address': '000001E443FD237E4B616E2FA69DF4EE3D49A94F', 'timestamp': '2021-02-18T12:27:37.487985519Z', 'signature': 'cz0YH4eSf6uA6CysYNNRhl6CTfqPGyykTetiDHpMvwCEgq+KmnEn+2YqR1UE+yu0E6Hrc4Gci4eNyFzJtRYBAw=='}, {'block_id_flag': 2, 'validator_address': '5731848E19257705AA28CC7EFAA8C708EE014D52', 'timestamp': '2021-02-18T12:27:36.954979489Z', 'signature': '+znzNGDz6eoWVUZl5HCcagk+0CtYoIqClKYYO5nbfaZK4clFIM6fWEkfWEX6TRX4Jix+nJfiPpH4JPDW08DpDw=='}, {'block_id_flag': 2, 'validator_address': 'B2BF68AD4CED6FE8F71AACAD01003436EBE0729F', 'timestamp': '2021-02-18T12:27:37.557318387Z', 'signature': 'zxHZsL3RMc8iwE4dYxUODCIksofsWOGHp3dPyjiiHSNKGkGU+KAKEY5MbfTiPFCdpX74S4oB8vriuxg45l2SAw=='}, {'block_id_flag': 2, 'validator_address': '732CEEF54C374DDC6ADECBFD707AEFD07FEDC143', 'timestamp': '2021-02-18T12:27:37.513303788Z', 'signature': 'qNS3MqWoiwUAQx3N9bPueLe8uJ2FnFzDfiuD+Fatc4ejxB0s2CNJX5DTddAt/u+FlaHreuF1yKAztKK6blI3CA=='}, {'block_id_flag': 2, 'validator_address': '25445D0EB353E9050AB11EC6197D5DCB611986DB', 'timestamp': '2021-02-18T12:27:37.492730143Z', 'signature': 'ECDqRu20Hp5Qv+4/NfX4HvIFcpOglRDpiFnLkJmTxUSvgCixo6b0bxuHF5NJpAzXdS7t820Wv17W/FLNgbdRCA=='}, {'block_id_flag': 2, 'validator_address': '1E9CE94FD0BA5CFEB901F90BC658D64D85B134D2', 'timestamp': '2021-02-18T12:27:37.376505839Z', 'signature': 'QNmx63ikJaifwXJZKRHvlpve8/V8D4fighh1fle1qdMmjll01ucqgKjEmsJVCVvTzJj8PKx0xlLGIwfYYZC5DA=='}, {'block_id_flag': 1, 'validator_address': '', 'timestamp': '0001-01-01T00:00:00Z', 'signature': None}, {'block_id_flag': 2, 'validator_address': '846BE4F39E3122D2A2D3FE5454E2561073E95538', 'timestamp': '2021-02-18T12:27:37.64622061Z', 'signature': 'Rc0pBwOerxdefvlZC/nu2n8pw20qUFHhAapzd/iEFPHA3vR1A8USTNFxHysuyCU+1SSrYj0s8uDcioX5JzNLDQ=='}, {'block_id_flag': 1, 'validator_address': '', 'timestamp': '0001-01-01T00:00:00Z', 'signature': None}, {'block_id_flag': 2, 'validator_address': '955A47C8AC8632825DD475E90913D40AB09D3FB4', 'timestamp': '2021-02-18T12:27:37.545926367Z', 'signature': 'f2nhA2JjTQegZdELeNiSXCRXhI2g+6VhrEpyHA5d408lrHjJx/MT4HmRabR2eWAn/uCp8fcVEjSC+0XDuTKFCw=='}, {'block_id_flag': 2, 'validator_address': '6CB47D786B2F350C13A60BB77D398AC82E900985', 'timestamp': '2021-02-18T12:27:37.554041636Z', 'signature': 'vCdxaIITv9s7/ej5jRvcBpBG0r1d1N0l5cPyYxaV4VQau/8bjAxwix/a6qWCwigX/Ak/EALGah65YBjFDGZ0Aw=='}, {'block_id_flag': 2, 'validator_address': 'EB1DF22507B79CE700F86C4C8B13D7DF01DFDA9C', 'timestamp': '2021-02-18T12:27:37.501849852Z', 'signature': 'e1dDy2Oi0v5fkNC7K3WFta6+Xkk1XYA9rWQasFmAPGMx+5OkW0PmsToIuUaVqgUafC2LHNeJme77ph+oHhEuAA=='}, {'block_id_flag': 1, 'validator_address': '', 'timestamp': '0001-01-01T00:00:00Z', 'signature': None}, {'block_id_flag': 2, 'validator_address': '1ED471CB34E38311145098D80361434558F2F1C7', 'timestamp': '2021-02-18T12:27:37.681158103Z', 'signature': 'UclGudEhnyA5QZF0LOMIqN9mGawKK2b/JA0jJi7leBzUJNfxsNk01yJiGN8X605Jx/XFQ7erekoTwF0y0+ZaCg=='}, {'block_id_flag': 1, 'validator_address': '', 'timestamp': '0001-01-01T00:00:00Z', 'signature': None}, {'block_id_flag': 2, 'validator_address': 'F55714243D32FB65B6D95A29D0350EA0CABBA8EA', 'timestamp': '2021-02-18T12:27:37.531569632Z', 'signature': 'Pw3Ai04ltWJ2UBk/T4iaFPDG3pp5OHGd6HyX0jJCsIXbn9EfLatKtRNRTjArFUHspRhIptRzYtaO0EkY3wMODA=='}, {'block_id_flag': 2, 'validator_address': '874D6AA838384A79A3D4D062541F91BF7E31BDBA', 'timestamp': '2021-02-18T12:27:37.346505177Z', 'signature': 'WTPoE/TKUrE3rgOq2F+lbv/469NOfldzIyfkBuC0RZAFVaJlNlmgBGePfL8yCF5XosXIIwYeBKvqTeXM2fpWAw=='}, {'block_id_flag': 1, 'validator_address': '', 'timestamp': '0001-01-01T00:00:00Z', 'signature': None}, {'block_id_flag': 2, 'validator_address': '0D2186876D26D882F7BE50DED92BD3CB53838143', 'timestamp': '2021-02-18T12:27:37.480520421Z', 'signature': 'djEdEk3M7UfDXvBhY7rATMHnqwFwOFBSbUGmqFAtYIdy5EsOKwsoI75rZA99ivmHm6VwfoCyLDkLMvksmvf6BQ=='}, {'block_id_flag': 2, 'validator_address': 'C4903229B9EAD415C79E8FA69D2BBA6117617C41', 'timestamp': '2021-02-18T12:27:37.426074428Z', 'signature': 'XykVb8wSo1kz7Ua5JWzxz5hWR2J9VLJowDOgKqAtvBNF1qvbiAz+FiBWw+/TzG3WfDh5pSqawJKCdn1TghDaDg=='}, {'block_id_flag': 1, 'validator_address': '', 'timestamp': '0001-01-01T00:00:00Z', 'signature': None}, {'block_id_flag': 1, 'validator_address': '', 'timestamp': '0001-01-01T00:00:00Z', 'signature': None}, {'block_id_flag': 2, 'validator_address': '8011772ED7DDF2CC9CD7A48C8C0AA2486E9F4E97', 'timestamp': '2021-02-18T12:27:37.539680522Z', 'signature': 'gRUPahWgfy+XJlwhf5JIsOdQkjfkOl8wHtZvVj1DY6w9gE6jH+jEwqKeffBYp4sku+K8iVGA2BJbJgOUPTZBAQ=='}, {'block_id_flag': 2, 'validator_address': '2C882D57565E86A9EEC3433B15025F8F96318453', 'timestamp': '2021-02-18T12:27:37.58146285Z', 'signature': '6WPw6R0PJ7kjUANkCK8oNVgc4lPKXQJ1ynSrLCj5Cx9E1/gsGVTDUQe/xcxO66ZU3up6WjhiYgTx+7BAAmKWDw=='}, {'block_id_flag': 2, 'validator_address': 'A7D9E6DB8CA5E46A61AC36235D4C8185F7BF11A4', 'timestamp': '2021-02-18T12:27:37.512733325Z', 'signature': 'HSJGEEuY3fRycJCH5HCwhULki4vAp8TOEKE98z8MycygXMm+UvWS29Xrad0FrxuKfSEozH5IVa0a4MDhaooxBg=='}, {'block_id_flag': 1, 'validator_address': '', 'timestamp': '0001-01-01T00:00:00Z', 'signature': None}, {'block_id_flag': 1, 'validator_address': '', 'timestamp': '0001-01-01T00:00:00Z', 'signature': None}, {'block_id_flag': 2, 'validator_address': '00CCEECFD01B2D333A1B56ABF7CFF8A6B8ED25B1', 'timestamp': '2021-02-18T12:27:37.402879393Z', 'signature': 'P4iIgMn9QN3e77QuuY/JZ8Ovg2ZZsI4RnogRH1xjgXZud5rUjlhEzRXutJtq7Zm1avprR+guEs50MZQq3J42CQ=='}, {'block_id_flag': 1, 'validator_address': '', 'timestamp': '0001-01-01T00:00:00Z', 'signature': None}, {'block_id_flag': 2, 'validator_address': '569B09EA3D9607C5F1A38DED81CED264C7AA94CB', 'timestamp': '2021-02-18T12:27:37.552658941Z', 'signature': 'ebIij1zePkW7AxshoU00cq5OFgDnVQ2tuvYYVh/M7fTa5rxbGAmofff7kccash9O0VyfxEGczBeI9Bi4buSDAQ=='}, {'block_id_flag': 2, 'validator_address': '0ABBA36C54DD0CA6A790AEF96A01D4392E36345F', 'timestamp': '2021-02-18T12:27:37.377629691Z', 'signature': 'Zrac6GSOhx0KN5zUZFmkaZe08jziAM6vJcJjnBBDS8czZA2Nnosr4iUZnGmWbPJqSF9G+WYAdWBrOlb0kwrkCw=='}, {'block_id_flag': 2, 'validator_address': 'B31581E9FF571045531370E2D4895A2D6FEDECFB', 'timestamp': '2021-02-18T12:27:37.487670964Z', 'signature': 'RdDZHDfmWnLW447QF3d6JvBGbclc8Z9BdwhSX+Ave8DD5Yq8R048fY1CM+57hMqu0t0EZB1T4WBWpYRHfK0gBg=='}, {'block_id_flag': 2, 'validator_address': 'B724CDAA69A47B90B18D0EA7FD5B046D537DA64A', 'timestamp': '2021-02-18T12:27:37.505152275Z', 'signature': '3upXNn9pAWqaOvbTg7GHxvTuIbAAKeO6plMYAYJif29qI4E0eyX6UqIubAPrVBaFSqDgQyo8q8kgUDCHVO7zAQ=='}, {'block_id_flag': 1, 'validator_address': '', 'timestamp': '0001-01-01T00:00:00Z', 'signature': None}, {'block_id_flag': 2, 'validator_address': '8332069BCA9D125E72BF87E4DA172C9E83B90FD4', 'timestamp': '2021-02-18T12:27:37.681281574Z', 'signature': 'nQUVe+Ge8F6h6Wei/PRO0Ly11jfGyf08S2cy2Kr32OCzs2RI1xOCUa8xeK44cEQ/oHjK3vBPP/+D7c8slydoCQ=='}]}"
